[connection]
ip = 192.168.1.201
port = 21

[location]
lon = -119.8429161
lat = 34.4141629

[skypos]
az = 0.0
el = 0.0

[slew]
speed = 10.0
accel = 10.0

[encoders]
az = 4000
el = 4000

